           -800              2
           -750            996
           -700          38120
           -650         302559
           -600        1208884
           -550        2323253
           -500        3110928
           -450        1645665
           -400         353320
           -350          16056
           -300            216
           -250              1
           -200              0
           -150              0
           -100              0
            -50              0
              0              0
             50              0
            100              0
            150              0
            200              0
            250              0
            300              0
            350              0
            400              0
            450              0
            500              0
            550              0
            600              0
            650              0
            700              0
            750              0
